20419935  83
20421235  116
20443358  116
20446159  91
20446504  78
20451356  57
20453988  115
20455262  74
20455638  84
20455687  67
20455919  83
20457143  134
20462053  115
20462524  67
20462643  97
20463407  80
20463528  85
20463694  126
20464305  72
20467461  128
20467600  102
20468305  74
20468592  91
20469279  89
20469353  128
20470845  89
20472018  88
20472708  87
20473076  91
20473935  97
20474690  83
20475665  93
20479281  108
20479359  109
20480142  106
20480617  77
20482120  90
20483738  94
20484453  109
20487924  126
20488058  113
20488701  87
20489247  108
20490377  130
20493571  120
20493778  128
20493805  95
20494219  91
20495304  82
20498314  100
20500083  109
20501254  123
20501259  104
20501268  132
20501286  117
20501336  137
20501387  128
20501672  117
20501755  95
20501771  119
20501797  136
20501952  75
20502027  121
20502116  126
20502262  112
20502360  69
20502377  117
20502555  109
20502886  75
20503015  118
20503021  104
20503043  68
20503096  72
20503193  113
20503223  81
20503393  96
20503575  128
20503777  74
20503912  115
20504157  108
20504664  112
20504920  68
20504949  76
20505031  77
20505037  122
20505305  62
20505336  85
20505378  77
20505405  97
20505633  110
20505678  121
20505887  102
20506532  116
20506615  82
20506822  85
20507082  73
20507099  74
20507532  96
20507561  66
20507751  107
20507803  109
20508285  86
20508397  103
20508464  95
20508529  77
20508709  87
20509219  106
20509274  92
20509357  77
20509502  96
20509625  79
20509647  93
20509979  109
20510315  100
20510495  125
20510657  89
20510787  97
20510911  131
20511062  93
20511085  81
20511122  116
20511257  90
20511423  106
20511516  91
20511561  128
20511976  101
20512036  89
20512295  103
20512353  92
20512382  100
20512489  109
20512606  103
20512814  134
20512897  123
20512924  95
20513285  80
20513296  95
20513318  111
20513559  109
20513580  77
20513627  105
20513978  100
20514007  60
20514526  93
20514752  106
20514808  123
20514842  109
20514991  66
20515014  78
20515129  84
20515708  113
20515815  103
20515925  83
20516206  132
20516322  96
20516704  75
20516806  53
20517026  89
20517312  101
20517581  70
20517738  106
20517818  82
20518166  66
20518175  98
20518390  125
20518622  145
20518674  72
20518892  81
20519071  82
20519924  89
20520988  117
20521062  100
20521406  97
20521488  114
20521765  103
20521945  87
20521982  89
20522020  79
20522765  101
20522902  71
20522939  92
20523165  83
20524728  114
20524745  109
20525422  105
20525681  97
20525926  142
20526484  114
20526647  108
20527127  134
20528155  97
20528352  56
20528853  71
20529168  128
20529409  98
20529416  129
20530824  102
20531100  101
20532574  86
20533987  89
20534033  79
20534157  88
20534162  120
20534173  112
20534336  92
20534486  95
20535391  97
20536289  114
20536919  87
20537124  115
20538162  100
20538534  128
20539123  101
20539741  66
20540628  81
20540843  94
20540957  69
20541506  72
20541511  78
20541765  83
20542021  98
20542268  89
20542404  104
20542512  94
20544359  122
20544726  69
20544911  59
20545047  72
30518886  120